1 2.500000 0.000000 -0.200000
2 2.462019 0.434120 -0.200000
3 2.349232 0.855050 -0.200000
4 2.165064 1.250000 -0.200000
5 1.915111 1.606969 -0.200000
6 1.606969 1.915111 -0.200000
7 1.250000 2.165064 -0.200000
8 0.855050 2.349232 -0.200000
9 0.434120 2.462019 -0.200000
10 0.000000 2.500000 -0.200000
11 -0.434120 2.462019 -0.200000
12 -0.855050 2.349232 -0.200000
13 -1.250000 2.165064 -0.200000
14 -1.606969 1.915111 -0.200000
15 -1.915111 1.606969 -0.200000
16 -2.165064 1.250000 -0.200000
17 -2.349232 0.855050 -0.200000
18 -2.462019 0.434120 -0.200000
19 -2.500000 0.000000 -0.200000
20 -2.462019 -0.434120 -0.200000
21 -2.349232 -0.855050 -0.200000
22 -2.165064 -1.250000 -0.200000
23 -1.915111 -1.606969 -0.200000
24 -1.606969 -1.915111 -0.200000
25 -1.250000 -2.165064 -0.200000
26 -0.855050 -2.349232 -0.200000
27 -0.434120 -2.462019 -0.200000
28 -0.000000 -2.500000 -0.200000
29 0.434120 -2.462019 -0.200000
30 0.855050 -2.349232 -0.200000
31 1.250000 -2.165064 -0.200000
32 1.606969 -1.915111 -0.200000
33 1.915111 -1.606969 -0.200000
34 2.165064 -1.250000 -0.200000
35 2.349232 -0.855050 -0.200000
36 2.462019 -0.434120 -0.200000
37 2.500000 0.000000 0.000000
38 2.462019 0.434120 0.000000
39 2.349232 0.855050 0.000000
40 2.165064 1.250000 0.000000
41 1.915111 1.606969 0.000000
42 1.606969 1.915111 0.000000
43 1.250000 2.165064 0.000000
44 0.855050 2.349232 0.000000
45 0.434120 2.462019 0.000000
46 0.000000 2.500000 0.000000
47 -0.434120 2.462019 0.000000
48 -0.855050 2.349232 0.000000
49 -1.250000 2.165064 0.000000
50 -1.606969 1.915111 0.000000
51 -1.915111 1.606969 0.000000
52 -2.165064 1.250000 0.000000
53 -2.349232 0.855050 0.000000
54 -2.462019 0.434120 0.000000
55 -2.500000 0.000000 0.000000
56 -2.462019 -0.434120 0.000000
57 -2.349232 -0.855050 0.000000
58 -2.165064 -1.250000 0.000000
59 -1.915111 -1.606969 0.000000
60 -1.606969 -1.915111 0.000000
61 -1.250000 -2.165064 0.000000
62 -0.855050 -2.349232 0.000000
63 -0.434120 -2.462019 0.000000
64 -0.000000 -2.500000 0.000000
65 0.434120 -2.462019 0.000000
66 0.855050 -2.349232 0.000000
67 1.250000 -2.165064 0.000000
68 1.606969 -1.915111 0.000000
69 1.915111 -1.606969 0.000000
70 2.165064 -1.250000 0.000000
71 2.349232 -0.855050 0.000000
72 2.462019 -0.434120 0.000000
73 2.300000 0.000000 0.000000
74 2.265058 0.399391 0.000000
75 2.161293 0.786646 0.000000
76 1.991858 1.150000 0.000000
77 1.761902 1.478412 0.000000
78 1.478412 1.761902 0.000000
79 1.150000 1.991858 0.000000
80 0.786646 2.161293 0.000000
81 0.399391 2.265058 0.000000
82 0.000000 2.300000 0.000000
83 -0.399391 2.265058 0.000000
84 -0.786646 2.161293 0.000000
85 -1.150000 1.991858 0.000000
86 -1.478412 1.761902 0.000000
87 -1.761902 1.478412 0.000000
88 -1.991858 1.150000 0.000000
89 -2.161293 0.786646 0.000000
90 -2.265058 0.399391 0.000000
91 -2.300000 0.000000 0.000000
92 -2.265058 -0.399391 0.000000
93 -2.161293 -0.786646 0.000000
94 -1.991858 -1.150000 0.000000
95 -1.761902 -1.478412 0.000000
96 -1.478412 -1.761902 0.000000
97 -1.150000 -1.991858 0.000000
98 -0.786646 -2.161293 0.000000
99 -0.399391 -2.265058 0.000000
100 -0.000000 -2.300000 0.000000
101 0.399391 -2.265058 0.000000
102 0.786646 -2.161293 0.000000
103 1.150000 -1.991858 0.000000
104 1.478412 -1.761902 0.000000
105 1.761902 -1.478412 0.000000
106 1.991858 -1.150000 0.000000
107 2.161293 -0.786646 0.000000
108 2.265058 -0.399391 0.000000
109 2.300000 0.000000 -0.150000
110 2.265058 0.399391 -0.150000
111 2.161293 0.786646 -0.150000
112 1.991858 1.150000 -0.150000
113 1.761902 1.478412 -0.150000
114 1.478412 1.761902 -0.150000
115 1.150000 1.991858 -0.150000
116 0.786646 2.161293 -0.150000
117 0.399391 2.265058 -0.150000
118 0.000000 2.300000 -0.150000
119 -0.399391 2.265058 -0.150000
120 -0.786646 2.161293 -0.150000
121 -1.150000 1.991858 -0.150000
122 -1.478412 1.761902 -0.150000
123 -1.761902 1.478412 -0.150000
124 -1.991858 1.150000 -0.150000
125 -2.161293 0.786646 -0.150000
126 -2.265058 0.399391 -0.150000
127 -2.300000 0.000000 -0.150000
128 -2.265058 -0.399391 -0.150000
129 -2.161293 -0.786646 -0.150000
130 -1.991858 -1.150000 -0.150000
131 -1.761902 -1.478412 -0.150000
132 -1.478412 -1.761902 -0.150000
133 -1.150000 -1.991858 -0.150000
134 -0.786646 -2.161293 -0.150000
135 -0.399391 -2.265058 -0.150000
136 -0.000000 -2.300000 -0.150000
137 0.399391 -2.265058 -0.150000
138 0.786646 -2.161293 -0.150000
139 1.150000 -1.991858 -0.150000
140 1.478412 -1.761902 -0.150000
141 1.761902 -1.478412 -0.150000
142 1.991858 -1.150000 -0.150000
143 2.161293 -0.786646 -0.150000
144 2.265058 -0.399391 -0.150000
145 0.000000 0.000000 -0.200000
146 0.000000 0.000000 -0.150000
147 2.100000 -0.025000 -0.150000
148 2.300000 -0.025000 -0.150000
149 2.300000 0.025000 -0.150000
150 2.100000 0.025000 -0.150000
151 2.100000 -0.025000 -0.100000
152 2.300000 -0.025000 -0.100000
153 2.300000 0.025000 -0.100000
154 2.100000 0.025000 -0.100000
155 1.831153 1.028349 -0.150000
156 2.004358 1.128349 -0.150000
157 1.979358 1.171651 -0.150000
158 1.806153 1.071651 -0.150000
159 1.831153 1.028349 -0.100000
160 2.004358 1.128349 -0.100000
161 1.979358 1.171651 -0.100000
162 1.806153 1.071651 -0.100000
163 1.071651 1.806153 -0.150000
164 1.171651 1.979358 -0.150000
165 1.128349 2.004358 -0.150000
166 1.028349 1.831153 -0.150000
167 1.071651 1.806153 -0.100000
168 1.171651 1.979358 -0.100000
169 1.128349 2.004358 -0.100000
170 1.028349 1.831153 -0.100000
171 0.025000 2.100000 -0.150000
172 0.025000 2.300000 -0.150000
173 -0.025000 2.300000 -0.150000
174 -0.025000 2.100000 -0.150000
175 0.025000 2.100000 -0.100000
176 0.025000 2.300000 -0.100000
177 -0.025000 2.300000 -0.100000
178 -0.025000 2.100000 -0.100000
179 -1.028349 1.831153 -0.150000
180 -1.128349 2.004358 -0.150000
181 -1.171651 1.979358 -0.150000
182 -1.071651 1.806153 -0.150000
183 -1.028349 1.831153 -0.100000
184 -1.128349 2.004358 -0.100000
185 -1.171651 1.979358 -0.100000
186 -1.071651 1.806153 -0.100000
187 -1.806153 1.071651 -0.150000
188 -1.979358 1.171651 -0.150000
189 -2.004358 1.128349 -0.150000
190 -1.831153 1.028349 -0.150000
191 -1.806153 1.071651 -0.100000
192 -1.979358 1.171651 -0.100000
193 -2.004358 1.128349 -0.100000
194 -1.831153 1.028349 -0.100000
195 -2.100000 0.025000 -0.150000
196 -2.300000 0.025000 -0.150000
197 -2.300000 -0.025000 -0.150000
198 -2.100000 -0.025000 -0.150000
199 -2.100000 0.025000 -0.100000
200 -2.300000 0.025000 -0.100000
201 -2.300000 -0.025000 -0.100000
202 -2.100000 -0.025000 -0.100000
203 -1.831153 -1.028349 -0.150000
204 -2.004358 -1.128349 -0.150000
205 -1.979358 -1.171651 -0.150000
206 -1.806153 -1.071651 -0.150000
207 -1.831153 -1.028349 -0.100000
208 -2.004358 -1.128349 -0.100000
209 -1.979358 -1.171651 -0.100000
210 -1.806153 -1.071651 -0.100000
211 -1.071651 -1.806153 -0.150000
212 -1.171651 -1.979358 -0.150000
213 -1.128349 -2.004358 -0.150000
214 -1.028349 -1.831153 -0.150000
215 -1.071651 -1.806153 -0.100000
216 -1.171651 -1.979358 -0.100000
217 -1.128349 -2.004358 -0.100000
218 -1.028349 -1.831153 -0.100000
219 -0.025000 -2.100000 -0.150000
220 -0.025000 -2.300000 -0.150000
221 0.025000 -2.300000 -0.150000
222 0.025000 -2.100000 -0.150000
223 -0.025000 -2.100000 -0.100000
224 -0.025000 -2.300000 -0.100000
225 0.025000 -2.300000 -0.100000
226 0.025000 -2.100000 -0.100000
227 1.028349 -1.831153 -0.150000
228 1.128349 -2.004358 -0.150000
229 1.171651 -1.979358 -0.150000
230 1.071651 -1.806153 -0.150000
231 1.028349 -1.831153 -0.100000
232 1.128349 -2.004358 -0.100000
233 1.171651 -1.979358 -0.100000
234 1.071651 -1.806153 -0.100000
235 1.806153 -1.071651 -0.150000
236 1.979358 -1.171651 -0.150000
237 2.004358 -1.128349 -0.150000
238 1.831153 -1.028349 -0.150000
239 1.806153 -1.071651 -0.100000
240 1.979358 -1.171651 -0.100000
241 2.004358 -1.128349 -0.100000
242 1.831153 -1.028349 -0.100000
243 0.080000 0.000000 -0.150000
244 0.069282 0.040000 -0.150000
245 0.040000 0.069282 -0.150000
246 0.000000 0.080000 -0.150000
247 -0.040000 0.069282 -0.150000
248 -0.069282 0.040000 -0.150000
249 -0.080000 0.000000 -0.150000
250 -0.069282 -0.040000 -0.150000
251 -0.040000 -0.069282 -0.150000
252 -0.000000 -0.080000 -0.150000
253 0.040000 -0.069282 -0.150000
254 0.069282 -0.040000 -0.150000
255 0.080000 0.000000 0.250000
256 0.069282 0.040000 0.250000
257 0.040000 0.069282 0.250000
258 0.000000 0.080000 0.250000
259 -0.040000 0.069282 0.250000
260 -0.069282 0.040000 0.250000
261 -0.080000 0.000000 0.250000
262 -0.069282 -0.040000 0.250000
263 -0.040000 -0.069282 0.250000
264 -0.000000 -0.080000 0.250000
265 0.040000 -0.069282 0.250000
266 0.069282 -0.040000 0.250000
267 0.000000 0.000000 -0.150000
268 0.000000 0.000000 0.250000
Faces:
145 2 1.
146 109 110.
1 2 38 37.
37 38 74 73.
73 74 110 109.
145 3 2.
146 110 111.
2 3 39 38.
38 39 75 74.
74 75 111 110.
145 4 3.
146 111 112.
3 4 40 39.
39 40 76 75.
75 76 112 111.
145 5 4.
146 112 113.
4 5 41 40.
40 41 77 76.
76 77 113 112.
145 6 5.
146 113 114.
5 6 42 41.
41 42 78 77.
77 78 114 113.
145 7 6.
146 114 115.
6 7 43 42.
42 43 79 78.
78 79 115 114.
145 8 7.
146 115 116.
7 8 44 43.
43 44 80 79.
79 80 116 115.
145 9 8.
146 116 117.
8 9 45 44.
44 45 81 80.
80 81 117 116.
145 10 9.
146 117 118.
9 10 46 45.
45 46 82 81.
81 82 118 117.
145 11 10.
146 118 119.
10 11 47 46.
46 47 83 82.
82 83 119 118.
145 12 11.
146 119 120.
11 12 48 47.
47 48 84 83.
83 84 120 119.
145 13 12.
146 120 121.
12 13 49 48.
48 49 85 84.
84 85 121 120.
145 14 13.
146 121 122.
13 14 50 49.
49 50 86 85.
85 86 122 121.
145 15 14.
146 122 123.
14 15 51 50.
50 51 87 86.
86 87 123 122.
145 16 15.
146 123 124.
15 16 52 51.
51 52 88 87.
87 88 124 123.
145 17 16.
146 124 125.
16 17 53 52.
52 53 89 88.
88 89 125 124.
145 18 17.
146 125 126.
17 18 54 53.
53 54 90 89.
89 90 126 125.
145 19 18.
146 126 127.
18 19 55 54.
54 55 91 90.
90 91 127 126.
145 20 19.
146 127 128.
19 20 56 55.
55 56 92 91.
91 92 128 127.
145 21 20.
146 128 129.
20 21 57 56.
56 57 93 92.
92 93 129 128.
145 22 21.
146 129 130.
21 22 58 57.
57 58 94 93.
93 94 130 129.
145 23 22.
146 130 131.
22 23 59 58.
58 59 95 94.
94 95 131 130.
145 24 23.
146 131 132.
23 24 60 59.
59 60 96 95.
95 96 132 131.
145 25 24.
146 132 133.
24 25 61 60.
60 61 97 96.
96 97 133 132.
145 26 25.
146 133 134.
25 26 62 61.
61 62 98 97.
97 98 134 133.
145 27 26.
146 134 135.
26 27 63 62.
62 63 99 98.
98 99 135 134.
145 28 27.
146 135 136.
27 28 64 63.
63 64 100 99.
99 100 136 135.
145 29 28.
146 136 137.
28 29 65 64.
64 65 101 100.
100 101 137 136.
145 30 29.
146 137 138.
29 30 66 65.
65 66 102 101.
101 102 138 137.
145 31 30.
146 138 139.
30 31 67 66.
66 67 103 102.
102 103 139 138.
145 32 31.
146 139 140.
31 32 68 67.
67 68 104 103.
103 104 140 139.
145 33 32.
146 140 141.
32 33 69 68.
68 69 105 104.
104 105 141 140.
145 34 33.
146 141 142.
33 34 70 69.
69 70 106 105.
105 106 142 141.
145 35 34.
146 142 143.
34 35 71 70.
70 71 107 106.
106 107 143 142.
145 36 35.
146 143 144.
35 36 72 71.
71 72 108 107.
107 108 144 143.
145 1 36.
146 144 109.
36 1 37 72.
72 37 73 108.
108 73 109 144.
147 148 149 150.
154 153 152 151.
147 151 152 148.
148 152 153 149.
149 153 154 150.
150 154 151 147.
155 156 157 158.
162 161 160 159.
155 159 160 156.
156 160 161 157.
157 161 162 158.
158 162 159 155.
163 164 165 166.
170 169 168 167.
163 167 168 164.
164 168 169 165.
165 169 170 166.
166 170 167 163.
171 172 173 174.
178 177 176 175.
171 175 176 172.
172 176 177 173.
173 177 178 174.
174 178 175 171.
179 180 181 182.
186 185 184 183.
179 183 184 180.
180 184 185 181.
181 185 186 182.
182 186 183 179.
187 188 189 190.
194 193 192 191.
187 191 192 188.
188 192 193 189.
189 193 194 190.
190 194 191 187.
195 196 197 198.
202 201 200 199.
195 199 200 196.
196 200 201 197.
197 201 202 198.
198 202 199 195.
203 204 205 206.
210 209 208 207.
203 207 208 204.
204 208 209 205.
205 209 210 206.
206 210 207 203.
211 212 213 214.
218 217 216 215.
211 215 216 212.
212 216 217 213.
213 217 218 214.
214 218 215 211.
219 220 221 222.
226 225 224 223.
219 223 224 220.
220 224 225 221.
221 225 226 222.
222 226 223 219.
227 228 229 230.
234 233 232 231.
227 231 232 228.
228 232 233 229.
229 233 234 230.
230 234 231 227.
235 236 237 238.
242 241 240 239.
235 239 240 236.
236 240 241 237.
237 241 242 238.
238 242 239 235.
267 244 243.
268 255 256.
243 244 256 255.
267 245 244.
268 256 257.
244 245 257 256.
267 246 245.
268 257 258.
245 246 258 257.
267 247 246.
268 258 259.
246 247 259 258.
267 248 247.
268 259 260.
247 248 260 259.
267 249 248.
268 260 261.
248 249 261 260.
267 250 249.
268 261 262.
249 250 262 261.
267 251 250.
268 262 263.
250 251 263 262.
267 252 251.
268 263 264.
251 252 264 263.
267 253 252.
268 264 265.
252 253 265 264.
267 254 253.
268 265 266.
253 254 266 265.
267 243 254.
268 266 255.
254 243 255 266.
