1 2.000000 1.500000 0.000000
2 2.000000 1.448889 0.388229
3 2.000000 1.299038 0.750000
4 2.000000 1.060660 1.060660
5 2.000000 0.750000 1.299038
6 2.000000 0.388229 1.448889
7 2.000000 0.000000 1.500000
8 2.000000 -0.388229 1.448889
9 2.000000 -0.750000 1.299038
10 2.000000 -1.060660 1.060660
11 2.000000 -1.299038 0.750000
12 2.000000 -1.448889 0.388229
13 2.000000 -1.500000 0.000000
14 2.000000 -1.448889 -0.388229
15 2.000000 -1.299038 -0.750000
16 2.000000 -1.060660 -1.060660
17 2.000000 -0.750000 -1.299038
18 2.000000 -0.388229 -1.448889
19 2.000000 -0.000000 -1.500000
20 2.000000 0.388229 -1.448889
21 2.000000 0.750000 -1.299038
22 2.000000 1.060660 -1.060660
23 2.000000 1.299038 -0.750000
24 2.000000 1.448889 -0.388229
25 2.200000 1.500000 0.000000
26 2.200000 1.448889 0.388229
27 2.200000 1.299038 0.750000
28 2.200000 1.060660 1.060660
29 2.200000 0.750000 1.299038
30 2.200000 0.388229 1.448889
31 2.200000 0.000000 1.500000
32 2.200000 -0.388229 1.448889
33 2.200000 -0.750000 1.299038
34 2.200000 -1.060660 1.060660
35 2.200000 -1.299038 0.750000
36 2.200000 -1.448889 0.388229
37 2.200000 -1.500000 0.000000
38 2.200000 -1.448889 -0.388229
39 2.200000 -1.299038 -0.750000
40 2.200000 -1.060660 -1.060660
41 2.200000 -0.750000 -1.299038
42 2.200000 -0.388229 -1.448889
43 2.200000 -0.000000 -1.500000
44 2.200000 0.388229 -1.448889
45 2.200000 0.750000 -1.299038
46 2.200000 1.060660 -1.060660
47 2.200000 1.299038 -0.750000
48 2.200000 1.448889 -0.388229
49 2.000000 0.000000 0.000000
50 2.200000 0.000000 0.000000
51 0.000000 0.150000 0.000000
52 0.000000 0.129904 0.075000
53 0.000000 0.075000 0.129904
54 0.000000 0.000000 0.150000
55 0.000000 -0.075000 0.129904
56 0.000000 -0.129904 0.075000
57 0.000000 -0.150000 0.000000
58 0.000000 -0.129904 -0.075000
59 0.000000 -0.075000 -0.129904
60 0.000000 -0.000000 -0.150000
61 0.000000 0.075000 -0.129904
62 0.000000 0.129904 -0.075000
63 2.000000 0.150000 0.000000
64 2.000000 0.129904 0.075000
65 2.000000 0.075000 0.129904
66 2.000000 0.000000 0.150000
67 2.000000 -0.075000 0.129904
68 2.000000 -0.129904 0.075000
69 2.000000 -0.150000 0.000000
70 2.000000 -0.129904 -0.075000
71 2.000000 -0.075000 -0.129904
72 2.000000 -0.000000 -0.150000
73 2.000000 0.075000 -0.129904
74 2.000000 0.129904 -0.075000
75 0.000000 0.000000 0.000000
76 2.000000 0.000000 0.000000
77 0.400000 0.000000 -0.400000
78 0.369552 0.153073 -0.400000
79 0.282843 0.282843 -0.400000
80 0.153073 0.369552 -0.400000
81 0.000000 0.400000 -0.400000
82 -0.153073 0.369552 -0.400000
83 -0.282843 0.282843 -0.400000
84 -0.369552 0.153073 -0.400000
85 -0.400000 0.000000 -0.400000
86 -0.369552 -0.153073 -0.400000
87 -0.282843 -0.282843 -0.400000
88 -0.153073 -0.369552 -0.400000
89 -0.000000 -0.400000 -0.400000
90 0.153073 -0.369552 -0.400000
91 0.282843 -0.282843 -0.400000
92 0.369552 -0.153073 -0.400000
93 0.400000 0.000000 0.800000
94 0.369552 0.153073 0.800000
95 0.282843 0.282843 0.800000
96 0.153073 0.369552 0.800000
97 0.000000 0.400000 0.800000
98 -0.153073 0.369552 0.800000
99 -0.282843 0.282843 0.800000
100 -0.369552 0.153073 0.800000
101 -0.400000 0.000000 0.800000
102 -0.369552 -0.153073 0.800000
103 -0.282843 -0.282843 0.800000
104 -0.153073 -0.369552 0.800000
105 -0.000000 -0.400000 0.800000
106 0.153073 -0.369552 0.800000
107 0.282843 -0.282843 0.800000
108 0.369552 -0.153073 0.800000
109 0.000000 0.000000 -0.400000
110 0.000000 0.000000 0.800000
Faces:
49 2 1.
50 25 26.
1 2 26 25.
49 3 2.
50 26 27.
2 3 27 26.
49 4 3.
50 27 28.
3 4 28 27.
49 5 4.
50 28 29.
4 5 29 28.
49 6 5.
50 29 30.
5 6 30 29.
49 7 6.
50 30 31.
6 7 31 30.
49 8 7.
50 31 32.
7 8 32 31.
49 9 8.
50 32 33.
8 9 33 32.
49 10 9.
50 33 34.
9 10 34 33.
49 11 10.
50 34 35.
10 11 35 34.
49 12 11.
50 35 36.
11 12 36 35.
49 13 12.
50 36 37.
12 13 37 36.
49 14 13.
50 37 38.
13 14 38 37.
49 15 14.
50 38 39.
14 15 39 38.
49 16 15.
50 39 40.
15 16 40 39.
49 17 16.
50 40 41.
16 17 41 40.
49 18 17.
50 41 42.
17 18 42 41.
49 19 18.
50 42 43.
18 19 43 42.
49 20 19.
50 43 44.
19 20 44 43.
49 21 20.
50 44 45.
20 21 45 44.
49 22 21.
50 45 46.
21 22 46 45.
49 23 22.
50 46 47.
22 23 47 46.
49 24 23.
50 47 48.
23 24 48 47.
49 1 24.
50 48 25.
24 1 25 48.
75 52 51.
76 63 64.
51 52 64 63.
75 53 52.
76 64 65.
52 53 65 64.
75 54 53.
76 65 66.
53 54 66 65.
75 55 54.
76 66 67.
54 55 67 66.
75 56 55.
76 67 68.
55 56 68 67.
75 57 56.
76 68 69.
56 57 69 68.
75 58 57.
76 69 70.
57 58 70 69.
75 59 58.
76 70 71.
58 59 71 70.
75 60 59.
76 71 72.
59 60 72 71.
75 61 60.
76 72 73.
60 61 73 72.
75 62 61.
76 73 74.
61 62 74 73.
75 51 62.
76 74 63.
62 51 63 74.
109 78 77.
110 93 94.
77 78 94 93.
109 79 78.
110 94 95.
78 79 95 94.
109 80 79.
110 95 96.
79 80 96 95.
109 81 80.
110 96 97.
80 81 97 96.
109 82 81.
110 97 98.
81 82 98 97.
109 83 82.
110 98 99.
82 83 99 98.
109 84 83.
110 99 100.
83 84 100 99.
109 85 84.
110 100 101.
84 85 101 100.
109 86 85.
110 101 102.
85 86 102 101.
109 87 86.
110 102 103.
86 87 103 102.
109 88 87.
110 103 104.
87 88 104 103.
109 89 88.
110 104 105.
88 89 105 104.
109 90 89.
110 105 106.
89 90 106 105.
109 91 90.
110 106 107.
90 91 107 106.
109 92 91.
110 107 108.
91 92 108 107.
109 77 92.
110 108 93.
92 77 93 108.
