1 -0.700000 0.000000 0.400000
2 -0.740192 0.150000 0.400000
3 -0.850000 0.259808 0.400000
4 -1.000000 0.300000 0.400000
5 -1.150000 0.259808 0.400000
6 -1.259808 0.150000 0.400000
7 -1.300000 0.000000 0.400000
8 -1.259808 -0.150000 0.400000
9 -1.150000 -0.259808 0.400000
10 -1.000000 -0.300000 0.400000
11 -0.850000 -0.259808 0.400000
12 -0.740192 -0.150000 0.400000
13 -0.700000 0.000000 0.600000
14 -0.740192 0.150000 0.600000
15 -0.850000 0.259808 0.600000
16 -1.000000 0.300000 0.600000
17 -1.150000 0.259808 0.600000
18 -1.259808 0.150000 0.600000
19 -1.300000 0.000000 0.600000
20 -1.259808 -0.150000 0.600000
21 -1.150000 -0.259808 0.600000
22 -1.000000 -0.300000 0.600000
23 -0.850000 -0.259808 0.600000
24 -0.740192 -0.150000 0.600000
25 -1.000000 0.000000 0.400000
26 -1.000000 0.000000 0.600000
27 -0.800000 -0.100000 0.450000
28 0.800000 -0.300000 0.350000
29 1.000000 0.000000 0.450000
30 0.500000 0.400000 0.450000
31 -0.800000 0.100000 0.450000
32 -0.800000 -0.100000 0.550000
33 0.800000 -0.300000 0.450000
34 1.000000 0.000000 0.550000
35 0.500000 0.400000 0.550000
36 -0.800000 0.100000 0.550000
37 -1.013397 0.223205 0.450000
38 -1.640192 1.708846 0.350000
39 -2.000000 1.732051 0.450000
40 -2.096410 1.099038 0.450000
41 -1.186603 0.123205 0.450000
42 -1.013397 0.223205 0.550000
43 -1.640192 1.708846 0.450000
44 -2.000000 1.732051 0.550000
45 -2.096410 1.099038 0.550000
46 -1.186603 0.123205 0.550000
47 -1.186603 -0.123205 0.450000
48 -2.159808 -1.408846 0.350000
49 -2.000000 -1.732051 0.450000
50 -1.403590 -1.499038 0.450000
51 -1.013397 -0.223205 0.450000
52 -1.186603 -0.123205 0.550000
53 -2.159808 -1.408846 0.450000
54 -2.000000 -1.732051 0.550000
55 -1.403590 -1.499038 0.550000
56 -1.013397 -0.223205 0.550000
Faces:
25 2 1.
26 13 14.
1 2 14 13.
25 3 2.
26 14 15.
2 3 15 14.
25 4 3.
26 15 16.
3 4 16 15.
25 5 4.
26 16 17.
4 5 17 16.
25 6 5.
26 17 18.
5 6 18 17.
25 7 6.
26 18 19.
6 7 19 18.
25 8 7.
26 19 20.
7 8 20 19.
25 9 8.
26 20 21.
8 9 21 20.
25 10 9.
26 21 22.
9 10 22 21.
25 11 10.
26 22 23.
10 11 23 22.
25 12 11.
26 23 24.
11 12 24 23.
25 1 12.
26 24 13.
12 1 13 24.
27 31 30 29 28.
32 33 34 35 36.
27 28 33 32.
28 29 34 33.
29 30 35 34.
30 31 36 35.
31 27 32 36.
37 41 40 39 38.
42 43 44 45 46.
37 38 43 42.
38 39 44 43.
39 40 45 44.
40 41 46 45.
41 37 42 46.
47 51 50 49 48.
52 53 54 55 56.
47 48 53 52.
48 49 54 53.
49 50 55 54.
50 51 56 55.
51 47 52 56.
